Payment No, Payment, Principle Paid, Interest Paid, Amount remaining
1, 4177.2, 2406.37, 1770.83, 497593.63
2, 4177.2, 2414.89, 1762.31, 495178.74
3, 4177.2, 2423.44, 1753.76, 492755.3
4, 4177.2, 2432.02, 1745.18, 490323.28
5, 4177.2, 2440.64, 1736.56, 487882.64
6, 4177.2, 2449.28, 1727.92, 485433.36
7, 4177.2, 2457.96, 1719.24, 482975.4
8, 4177.2, 2466.66, 1710.54, 480508.74
9, 4177.2, 2475.4, 1701.8, 478033.34
10, 4177.2, 2484.17, 1693.03, 475549.17
11, 4177.2, 2492.96, 1684.24, 473056.21
12, 4177.2, 2501.79, 1675.41, 470554.42
13, 4177.2, 2510.65, 1666.55, 468043.77
14, 4177.2, 2519.54, 1657.66, 465524.23
15, 4177.2, 2528.47, 1648.73, 462995.76
16, 4177.2, 2537.42, 1639.78, 460458.34
17, 4177.2, 2546.41, 1630.79, 457911.93
18, 4177.2, 2555.43, 1621.77, 455356.5
19, 4177.2, 2564.48, 1612.72, 452792.02
20, 4177.2, 2573.56, 1603.64, 450218.46
21, 4177.2, 2582.68, 1594.52, 447635.78
22, 4177.2, 2591.82, 1585.38, 445043.96
23, 4177.2, 2601.0, 1576.2, 442442.96
24, 4177.2, 2610.21, 1566.99, 439832.75
25, 4177.2, 2619.46, 1557.74, 437213.29
26, 4177.2, 2628.74, 1548.46, 434584.55
27, 4177.2, 2638.05, 1539.15, 431946.5
28, 4177.2, 2647.39, 1529.81, 429299.11
29, 4177.2, 2656.77, 1520.43, 426642.34
30, 4177.2, 2666.18, 1511.02, 423976.16
31, 4177.2, 2675.62, 1501.58, 421300.54
32, 4177.2, 2685.09, 1492.11, 418615.45
33, 4177.2, 2694.6, 1482.6, 415920.85
34, 4177.2, 2704.15, 1473.05, 413216.7
35, 4177.2, 2713.72, 1463.48, 410502.98
36, 4177.2, 2723.34, 1453.86, 407779.64
37, 4177.2, 2732.98, 1444.22, 405046.66
38, 4177.2, 2742.66, 1434.54, 402304.0
39, 4177.2, 2752.37, 1424.83, 399551.63
40, 4177.2, 2762.12, 1415.08, 396789.51
41, 4177.2, 2771.9, 1405.3, 394017.61
42, 4177.2, 2781.72, 1395.48, 391235.89
43, 4177.2, 2791.57, 1385.63, 388444.32
44, 4177.2, 2801.46, 1375.74, 385642.86
45, 4177.2, 2811.38, 1365.82, 382831.48
46, 4177.2, 2821.34, 1355.86, 380010.14
47, 4177.2, 2831.33, 1345.87, 377178.81
48, 4177.2, 2841.36, 1335.84, 374337.45
49, 4177.2, 2851.42, 1325.78, 371486.03
50, 4177.2, 2861.52, 1315.68, 368624.51
51, 4177.2, 2871.65, 1305.55, 365752.86
52, 4177.2, 2881.83, 1295.37, 362871.03
53, 4177.2, 2892.03, 1285.17, 359979.0
54, 4177.2, 2902.27, 1274.93, 357076.73
55, 4177.2, 2912.55, 1264.65, 354164.18
56, 4177.2, 2922.87, 1254.33, 351241.31
57, 4177.2, 2933.22, 1243.98, 348308.09
58, 4177.2, 2943.61, 1233.59, 345364.48
59, 4177.2, 2954.03, 1223.17, 342410.45
60, 4177.2, 2964.5, 1212.7, 339445.95
61, 4177.2, 2975.0, 1202.2, 336470.95
62, 4177.2, 2985.53, 1191.67, 333485.42
63, 4177.2, 2996.11, 1181.09, 330489.31
64, 4177.2, 3006.72, 1170.48, 327482.59
65, 4177.2, 3017.37, 1159.83, 324465.22
66, 4177.2, 3028.05, 1149.15, 321437.17
67, 4177.2, 3038.78, 1138.42, 318398.39
68, 4177.2, 3049.54, 1127.66, 315348.85
69, 4177.2, 3060.34, 1116.86, 312288.51
70, 4177.2, 3071.18, 1106.02, 309217.33
71, 4177.2, 3082.06, 1095.14, 306135.27
72, 4177.2, 3092.97, 1084.23, 303042.3
73, 4177.2, 3103.93, 1073.27, 299938.37
74, 4177.2, 3114.92, 1062.28, 296823.45
75, 4177.2, 3125.95, 1051.25, 293697.5
76, 4177.2, 3137.02, 1040.18, 290560.48
77, 4177.2, 3148.13, 1029.07, 287412.35
78, 4177.2, 3159.28, 1017.92, 284253.07
79, 4177.2, 3170.47, 1006.73, 281082.6
80, 4177.2, 3181.7, 995.5, 277900.9
81, 4177.2, 3192.97, 984.23, 274707.93
82, 4177.2, 3204.28, 972.92, 271503.65
83, 4177.2, 3215.62, 961.58, 268288.03
84, 4177.2, 3227.01, 950.19, 265061.02
85, 4177.2, 3238.44, 938.76, 261822.58
86, 4177.2, 3249.91, 927.29, 258572.67
87, 4177.2, 3261.42, 915.78, 255311.25
88, 4177.2, 3272.97, 904.23, 252038.28
89, 4177.2, 3284.56, 892.64, 248753.72
90, 4177.2, 3296.2, 881.0, 245457.52
91, 4177.2, 3307.87, 869.33, 242149.65
92, 4177.2, 3319.59, 857.61, 238830.06
93, 4177.2, 3331.34, 845.86, 235498.72
94, 4177.2, 3343.14, 834.06, 232155.58
95, 4177.2, 3354.98, 822.22, 228800.6
96, 4177.2, 3366.86, 810.34, 225433.74
97, 4177.2, 3378.79, 798.41, 222054.95
98, 4177.2, 3390.76, 786.44, 218664.19
99, 4177.2, 3402.76, 774.44, 215261.43
100, 4177.2, 3414.82, 762.38, 211846.61
101, 4177.2, 3426.91, 750.29, 208419.7
102, 4177.2, 3439.05, 738.15, 204980.65
103, 4177.2, 3451.23, 725.97, 201529.42
104, 4177.2, 3463.45, 713.75, 198065.97
105, 4177.2, 3475.72, 701.48, 194590.25
106, 4177.2, 3488.03, 689.17, 191102.22
107, 4177.2, 3500.38, 676.82, 187601.84
108, 4177.2, 3512.78, 664.42, 184089.06
109, 4177.2, 3525.22, 651.98, 180563.84
110, 4177.2, 3537.7, 639.5, 177026.14
111, 4177.2, 3550.23, 626.97, 173475.91
112, 4177.2, 3562.81, 614.39, 169913.1
113, 4177.2, 3575.42, 601.78, 166337.68
114, 4177.2, 3588.09, 589.11, 162749.59
115, 4177.2, 3600.8, 576.4, 159148.79
116, 4177.2, 3613.55, 563.65, 155535.24
117, 4177.2, 3626.35, 550.85, 151908.89
118, 4177.2, 3639.19, 538.01, 148269.7
119, 4177.2, 3652.08, 525.12, 144617.62
120, 4177.2, 3665.01, 512.19, 140952.61
121, 4177.2, 3677.99, 499.21, 137274.62
122, 4177.2, 3691.02, 486.18, 133583.6
123, 4177.2, 3704.09, 473.11, 129879.51
124, 4177.2, 3717.21, 459.99, 126162.3
125, 4177.2, 3730.38, 446.82, 122431.92
126, 4177.2, 3743.59, 433.61, 118688.33
127, 4177.2, 3756.85, 420.35, 114931.48
128, 4177.2, 3770.15, 407.05, 111161.33
129, 4177.2, 3783.5, 393.7, 107377.83
130, 4177.2, 3796.9, 380.3, 103580.93
131, 4177.2, 3810.35, 366.85, 99770.58
132, 4177.2, 3823.85, 353.35, 95946.73
133, 4177.2, 3837.39, 339.81, 92109.34
134, 4177.2, 3850.98, 326.22, 88258.36
135, 4177.2, 3864.62, 312.58, 84393.74
136, 4177.2, 3878.31, 298.89, 80515.43
137, 4177.2, 3892.04, 285.16, 76623.39
138, 4177.2, 3905.83, 271.37, 72717.56
139, 4177.2, 3919.66, 257.54, 68797.9
140, 4177.2, 3933.54, 243.66, 64864.36
141, 4177.2, 3947.47, 229.73, 60916.89
142, 4177.2, 3961.45, 215.75, 56955.44
143, 4177.2, 3975.48, 201.72, 52979.96
144, 4177.2, 3989.56, 187.64, 48990.4
145, 4177.2, 4003.69, 173.51, 44986.71
146, 4177.2, 4017.87, 159.33, 40968.84
147, 4177.2, 4032.1, 145.1, 36936.74
148, 4177.2, 4046.38, 130.82, 32890.36
149, 4177.2, 4060.71, 116.49, 28829.65
150, 4177.2, 4075.09, 102.11, 24754.56
151, 4177.2, 4089.53, 87.67, 20665.03
152, 4177.2, 4104.01, 73.19, 16561.02
153, 4177.2, 4118.55, 58.65, 12442.47
154, 4177.2, 4133.13, 44.07, 8309.34
155, 4177.2, 4147.77, 29.43, 4161.57
156, 4177.2, 4162.46, 14.74, -0.89
